7.1 通讯数据示例:
充电桩终端号为 01122334 (可能会由于协议调整具体数据格式有所差异，以下通讯数据
仅供参考)
桩-->平台 登录包
75 72 2E 00 1E 20 11 00 02 10 02 17 20 11 10 14
46 30 05 00 00 00 00 26 05 00 00 00 00 00 00 00
00 00 00 00 00 00 00 00 00 00 00 68 F2 02 00 00
75 72 1E 00 1E 20 11 00 02 10 02 17 20 11 10 14
59 48 05 00 00 00 00 26 05 00 00 68 0D 03 00 00
平台-->桩 登录包应答
75 72 33 00 1E 20 11 00 02 00 01 01 1C 70 00 00
00 00 00 00 00 00 00 00 00 00 00 00 00 00 00 00
00 00 00 00 00 00 00 00 00 00 00 00 00 00 00 00
68 61 02 00 00
平台-->桩 获取终端数据
75 72 64 00 1E 20 11 00 04 00 00 2A 00 01 00 02
00 03 00 04 00 05 00 06 00 07 00 08 00 09 00 0A
00 0B 00 0C 00 0D 00 0E 00 0F 00 10 00 11 00 12
00 13 00 14 00 15 00 16 00 17 00 18 00 19 00 1A
00 1B 00 1C 00 1D 00 1E 00 1F 00 20 00 21 00 22
00 23 00 24 00 25 00 26 00 27 00 28 00 29 00 2C
00 68 B9 05 00 00
75 72 68 00 1E 20 11 00 04 00 00 2C 00 01 00 02
00 03 00 04 00 05 00 06 00 07 00 08 00 09 00 0A
00 0B 00 0C 00 0D 00 0E 00 0F 00 10 00 11 00 12
00 13 00 14 00 15 00 16 00 17 00 18 00 19 00 1A
00 1B 00 1C 00 1D 00 1E 00 1F 00 20 00 21 00 22
00 23 00 24 00 25 00 26 00 27 00 28 00 29 00 2A
42 / 44
00 2B 00 2C 00 68 0E 0C 00 00
桩-->平台 返回终端数据
75 72 12 01 1E 20 11 00 04 10 01 2A 00 01 00 01
00 02 00 04 01 00 00 00 03 00 04 00 00 00 00 04
00 04 00 00 00 00 05 00 04 00 00 00 00 06 00 02
00 00 07 00 08 00 00 00 00 00 00 00 00 08 00 01
00 09 00 01 01 0A 00 01 01 0B 00 04 00 00 00 00
0C 00 04 00 00 00 00 0D 00 04 00 00 00 00 0E 00
04 00 00 00 00 0F 00 04 00 00 00 00 10 00 02 00
00 11 00 04 00 00 00 00 12 00 04 00 00 00 00 13
00 01 00 14 00 02 00 00 15 00 02 00 00 16 00 02
00 00 17 00 02 00 00 18 00 02 00 00 19 00 02 00
00 1A 00 02 00 00 1B 00 02 00 00 1C 00 02 00 00
1D 00 02 00 00 1E 00 02 00 00 1F 00 02 00 00 20
00 02 00 00 21 00 02 00 00 22 00 02 00 00 23 00
02 00 00 24 00 02 00 00 25 00 02 00 00 26 00 02
00 00 27 00 02 00 00 28 00 02 00 00 29 00 04 00
00 00 00 2C 00 19 30 30 30 30 30 30 30 31 00 00
00 00 00 00 00 00 00 00 00 00 00 00 00 00 00 68
81 07 00 00
75 72 42 01 1E 20 11 00 04 10 01 2C 00 01 00 01
00 02 00 04 01 00 00 00 03 00 04 00 00 00 00 04
00 04 00 00 00 00 05 00 04 00 00 00 00 06 00 02
00 00 07 00 08 00 00 00 00 00 00 00 00 08 00 01
00 09 00 01 01 0A 00 01 01 0B 00 04 00 00 00 00
0C 00 04 00 00 00 00 0D 00 04 00 00 00 00 0E 00
04 00 00 00 00 0F 00 04 00 00 00 00 10 00 04 00
00 00 00 11 00 04 00 00 00 00 12 00 04 00 00 00
00 13 00 01 00 14 00 02 00 00 15 00 02 00 00 16
00 02 00 00 17 00 02 00 00 18 00 02 00 00 19 00
02 00 00 1A 00 02 00 00 1B 00 02 00 00 1C 00 02
00 00 1D 00 02 00 00 1E 00 02 00 00 1F 00 02 00
00 20 00 02 00 00 21 00 02 00 00 22 00 02 00 00
23 00 02 00 00 24 00 02 00 00 25 00 02 00 00 26
00 02 00 00 27 00 02 00 00 28 00 02 00 00 29 00
04 00 00 00 00 2A 00 14 00 00 00 00 00 00 00 00
00 00 00 00 00 00 00 00 00 00 00 00 2B 00 14 00
00 00 00 00 00 00 00 00 00 00 00 00 00 00 00 00
00 00 00 2C 00 19 30 30 30 30 30 30 30 31 00 00
00 00 00 00 00 00 00 00 00 00 00 00 00 00 00 68
32 08 00 00
平台-->桩 校时命令
75 72 15 00 1E 20 11 00 08 00 00 17 20 11 10 14
46 49 68 B6 02 00 00
43 / 44
桩-->平台 校时命令确认
75 72 0F 00 1E 20 11 00 08 10 01 00 68 C6 01 00
00
桩-->平台 心跳
75 72 13 00 1E 20 11 00 01 10 02 1E 01 00 00 00
68 E3 01 00 00
平台-->桩 心跳确认
75 72 0F 00 1E 20 11 00 01 00 01 01 68 B0 01 00
00
平台-->桩 获取实时数据
75 72 3E 00 1E 20 11 00 09 01 00 17 00 03 06 04
06 01 0B 02 0B 03 0B 04 0B 05 0B 06 0B 07 0B 08
0B 09 0B 0A 0B 0B 0B 0C 0B 0D 0B 0E 0B 0F 0B 10
0B 11 0B 12 0B 13 0B 14 0B 15 0B 68 DE 03 00 00
75 72 3E 00 1E 20 11 00 09 00 00 17 00 03 06 04
06 01 0B 02 0B 03 0B 04 0B 05 0B 06 0B 07 0B 08
0B 09 0B 0A 0B 0B 0B 0C 0B 0D 0B 0E 0B 0F 0B 10
0B 11 0B 12 0B 13 0B 14 0B 15 0B 68 DD 03 00 00
桩-->平台 应答实时数据
75 72 BC 00 1E 20 11 00 09 10 01 17 00 03 06 02
00 00 04 06 02 00 00 01 0B 01 00 02 0B 14 30 30
30 30 30 30 30 30 31 32 33 34 35 36 41 42 00 02
00 00 03 0B 11 31 30 31 34 34 36 33 32 00 00 00
00 00 00 00 00 00 04 0B 04 DB 03 00 00 05 0B 04
61 00 00 00 06 0B 04 64 00 00 00 07 0B 04 82 20
11 00 08 0B 04 E9 03 00 00 09 0B 04 B0 04 00 00
0A 0B 01 00 0B 0B 08 00 00 00 00 00 00 00 00 0C
0B 04 4C 04 00 00 0D 0B 01 70 0E 0B 01 01 0F 0B
01 00 10 0B 04 00 00 00 00 11 0B 04 00 00 00 00
12 0B 01 00 13 0B 04 40 E2 01 00 14 0B 04 38 15
00 00 15 0B 04 F7 2E 00 00 68 EE 10 00 00
桩-->平台 刷卡鉴权
75 72 22 00 1E 20 11 00 30 10 02 30 30 30 30 30
30 30 30 31 32 33 34 35 36 37 38 00 00 00 00 68
26 05 00 00
平台-->桩 应答刷卡鉴权
75 72 3F 00 1E 20 11 00 30 00 01 30 30 30 30 30
30 30 30 31 32 33 34 35 36 37 38 00 00 00 00 F8
2A 00 00 00 C8 04 00 00 1E 00 00 00 00 00 00 00
00 00 00 00 00 00 00 00 00 00 00 00 68 3E 07 00
00
平台-->桩 设置费率(桩目前没有处理应答)
75 72 74 00 1E 20 11 00 05 00 00 14 00 15 00 02
DC 00 16 00 02 DC 00 17 00 02 DC 00 18 00 02 DC
44 / 44
00 19 00 02 DC 00 1A 00 02 DC 00 1B 00 02 DC 00
1C 00 02 DC 00 1D 00 02 DC 00 1E 00 02 DC 00 1F
00 02 00 00 20 00 02 01 00 21 00 02 02 00 22 00
02 03 00 23 00 02 04 00 24 00 02 06 00 25 00 02
0D 00 26 00 02 13 00 27 00 02 16 00 28 00 02 17
00 68 AA 0D 00 00
桩-->平台 上传充电账单
75 72 0B 01 1E 20 11 00 06 10 02 17 00 01 01 01
01 02 01 01 00 03 01 01 70 04 01 14 30 30 30 30
30 30 30 30 31 32 33 34 35 36 37 38 00 30 30 30
05 01 11 31 30 31 35 30 33 35 33 00 00 00 00 00
00 00 00 00 06 01 04 F8 2A 00 00 07 01 04 DB 03
00 00 08 01 04 61 00 00 00 09 01 04 64 00 00 00
0A 01 04 01 00 00 00 0B 01 04 01 00 00 00 0C 01
04 00 00 00 00 0D 01 04 00 00 00 00 0E 01 04 B0
04 00 00 0F 01 01 00 10 01 01 00 11 01 01 00 12
01 01 00 13 01 07 17 20 11 10 15 03 44 14 01 07
17 20 11 10 15 03 54 15 01 04 C8 04 00 00 16 01
04 02 00 00 00 17 01 50 01 00 00 00 01 00 00 00
02 00 00 00 02 00 00 00 03 00 00 00 03 00 00 00
04 00 00 00 04 00 00 00 05 00 00 00 05 00 00 00
06 00 00 00 06 00 00 00 07 00 00 00 07 00 00 00
08 00 00 00 08 00 00 00 09 00 00 00 09 00 00 00
0A 00 00 00 0A 00 00 00 68 A0 0F 00 00
平台-->桩 上传充电账单确认
75 72 1C 00 1E 20 11 00 06 00 01 17 00 C8 04 00
00 02 00 00 00 00 00 00 00 68 A6 02 00 00