7572
0B01
1E201100
06
10
02
1700
0101 01 01
0201 01 00
0301 01 70
0401 14 3030303030303030313233343536373800303030 -12345678
0501 11 3130313530333533000000000000000000
0601 04 F82A0000
0701 04 DB030000
0801 04 61000000
0901 04 64000000
0A01 04 01000000
0B01 04 01000000
0C01 04 00000000
0D01 04 00000000
0E01 04 B0040000
0F01 0100
1001 0100
1101 0100
1201 0100
1301 07 17201110150344
1401 07 17201110150354
1501 04 C8040000
1601 04 02000000
1701 50 0100000001000000 0200000002000000 0300000003000000 0400000004000000 0500000005000000 0600000006000000 0700000007000000 0800000008000000 0900000009000000 0A0000000A000000
68
A00F0000